# YOLOv5 Hyperparameter Evolution Results
# Best generation: 157
# Last generation: 299
#    metrics/precision,       metrics/recall,      metrics/mAP_0.5, metrics/mAP_0.5:0.95,         val/box_loss,         val/obj_loss,         val/cls_loss
#               0.7383,              0.33773,              0.37654,              0.21841,              0.04055,             0.011248,              0.01076

lr0: 0.01364
lrf: 0.01
momentum: 0.84095
weight_decay: 0.00054
warmup_epochs: 1.9465
warmup_momentum: 0.9459
warmup_bias_lr: 0.0824
box: 0.04449
cls: 0.43361
cls_pw: 1.1276
obj: 0.86799
obj_pw: 1.1419
iou_t: 0.2
anchor_t: 4.651
fl_gamma: 0.0
hsv_h: 0.02123
hsv_s: 0.54772
hsv_v: 0.39092
degrees: 0.0
translate: 0.10157
scale: 0.33673
shear: 0.0
perspective: 0.0
flipud: 0.0
fliplr: 0.5
mosaic: 0.89598
mixup: 0.0
copy_paste: 0.0
anchors: 3.7963
